0.142000	0.000000
0.142023	0.050999
0.142088	0.102991
0.142150	0.178097
0.142194	0.234567
0.142246	0.320029
0.142383	0.429217
0.142432	0.486998
0.142470	0.547337
0.142553	0.591704
0.142597	0.625728
0.142645	0.686394
0.142693	0.718507
0.142693	0.765546
0.142789	0.791131
0.142833	0.822451
0.142877	0.845914
0.142916	0.876326
0.142965	0.896355
0.143008	0.923151
0.143054	0.941061
0.143096	0.960214
0.143139	0.986594
0.143139	1.008065
0.143228	1.024827
0.143272	1.053606
0.143319	1.069121
0.143363	1.087013
0.143422	1.105739
0.143465	1.118387
0.143509	1.120719
0.143552	1.132940
0.143586	1.145334
0.143640	1.157142
0.143683	1.167830
0.143729	1.179003
0.143775	1.194228
0.143809	1.204707
0.143869	1.222036
0.143913	1.226241
0.143956	1.230769
0.144000	1.232570
0.144032	1.227153
0.144087	1.218425
0.144131	1.217082
0.144177	1.210609
0.144220	1.215213
0.144256	1.212138
0.144307	1.212006
0.144352	1.211040
0.144395	1.219627
0.144439	1.221360
0.144479	1.217568
0.144526	1.216071
0.144571	1.217690
0.144613	1.217763
0.144658	1.219754
0.144702	1.209438
0.144702	1.207388
0.144791	1.202974
0.144833	1.205587
0.144879	1.199181
0.144922	1.195824
0.144922	1.197993
0.145009	1.202058
0.145052	1.205542
0.145096	1.214460
0.145140	1.210246
0.145140	1.205827
0.145227	1.209529
0.145274	1.228360
0.145317	1.213952
0.145360	1.208622
0.145372	1.212863
0.145448	1.215113
0.145492	1.207120
0.145535	1.208286
0.145579	1.206562
0.145595	1.201373
0.145668	1.201490
0.145712	1.206771
0.145764	1.201227
0.145809	1.196505
0.145818	1.209311
0.145903	1.200429
0.145949	1.199440
0.145992	1.198265
0.146035	1.201382
0.146035	1.201894
0.146123	1.202366
0.146168	1.207347
0.146210	1.204017
0.146257	1.213644
0.146257	1.203369
0.146351	1.210436
0.146395	1.206127
0.146438	1.196237
0.146483	1.195838
0.146483	1.194500
0.146570	1.198642
0.146614	1.195480
0.146659	1.194091
0.146711	1.199517
0.146711	1.196686
0.146800	1.193121
0.146843	1.198769
0.146888	1.201245
0.146931	1.207946
0.146931	1.213117
0.147019	1.210418
0.147064	1.211312
0.147111	1.207978
0.147158	1.200148
0.147158	1.197380
0.147246	1.196178
0.147291	1.197644
0.147334	1.195775
0.147377	1.191338
0.147377	1.194600
0.147466	1.197653
0.147509	1.196251
0.147554	1.203750
0.147597	1.212668
0.147597	1.203201
0.147685	1.205814
0.147731	1.213530
0.147773	1.204203
0.147817	1.206331
0.147827	1.212074
0.147913	1.216352
0.147957	1.216062
0.148002	1.216760
0.148046	1.220843
0.148046	1.228591
0.148132	1.231794
0.148176	1.220739
0.148220	1.228714
0.148220	1.225638
0.148264	1.243725
0.148361	1.239642
0.148404	1.239365
0.148448	1.259008
0.148493	1.274967
0.148493	1.283178
0.148580	1.291929
0.148624	1.303919
0.148668	1.321775
0.148711	1.346181
0.148720	1.366645
0.148799	1.372737
0.148843	1.391337
0.148888	1.411388
0.148932	1.436996
0.148944	1.443193
0.149028	1.459901
0.149071	1.468683
0.149114	1.474154
0.149159	1.489211
0.149159	1.503396
0.149246	1.520780
0.149290	1.541856
0.149336	1.561164
0.149379	1.579078
0.149390	1.595024
0.149466	1.621063
0.149509	1.651752
0.149555	1.667063
0.149598	1.671010
0.149613	1.698818
0.149685	1.712083
0.149729	1.739070
0.149773	1.752439
0.149773	1.759548
0.149773	1.747263
0.149773	1.746691
0.149773	1.746405
0.149773	1.741933
0.149773	1.743071
0.149773	1.733626
0.149773	1.732796
0.149773	1.735101
0.149773	1.726785
0.149773	1.727638
0.149773	1.729289
0.149773	1.725361
0.149773	1.725329
0.149773	1.721700
0.149773	1.722122
0.149773	1.719368
0.149773	1.718815
0.149773	1.710468
0.149710	1.679788
0.149667	1.652768
0.149621	1.614612
0.149579	1.580448
0.149556	1.547963
0.149490	1.504190
0.149449	1.477702
0.149405	1.447380
0.149359	1.417748
0.149333	1.380944
0.149272	1.341481
0.149228	1.318994
0.149184	1.285905
0.149140	1.256363
0.149110	1.213839
0.149053	1.191655
0.149009	1.164237
0.148964	1.150056
0.148921	1.131085
0.148887	1.112136
0.148815	1.078598
0.148773	1.040024
0.148727	1.031346
0.148679	1.004545
0.148663	0.972054
0.148587	0.955301
0.148544	0.931539
0.148495	0.908893
0.148447	0.889876
0.148447	0.868809
0.148359	0.858280
0.148314	0.835194
0.148271	0.803892
0.148229	0.794189
0.148217	0.781042
0.148131	0.749922
0.148087	0.734530
0.148044	0.711308
0.148000	0.704902
0.148000	0.681240
0.147911	0.673610
0.147868	0.662210
0.147811	0.644037
0.147770	0.636665
0.147718	0.618156
0.147674	0.596368
0.147628	0.594898
0.147578	0.565025
0.147547	0.557100
0.147491	0.547859
0.147447	0.539444
0.147404	0.526542
0.147360	0.515868
0.147324	0.496869
0.147271	0.490727
0.147228	0.488980
0.147184	0.475598
0.147141	0.469569
0.147101	0.449246
0.147101	0.443008
0.147009	0.449577
0.146965	0.447095
0.146921	0.441257
0.146878	0.440336
0.146878	0.423043
0.146788	0.426663
0.146743	0.423723
0.146697	0.405188
0.146654	0.408649
0.146604	0.408336
0.146560	0.416370
0.146517	0.398891
0.146472	0.412391
0.146431	0.409034
0.146431	0.410486
0.146342	0.401971
0.146298	0.392240
0.146254	0.386951
0.146210	0.392599
0.146210	0.392998
0.146121	0.402080
0.146079	0.415013
0.146034	0.394740
0.145990	0.399068
0.145990	0.409134
0.145904	0.414982
0.145860	0.413752
0.145816	0.407805
0.145772	0.407184
0.145761	0.406494
0.145684	0.407760
0.145632	0.392848
0.145585	0.391746
0.145538	0.382582
0.145538	0.384714
0.145447	0.395652
0.145403	0.383848
0.145359	0.387323
0.145315	0.383476
0.145315	0.384320
0.145228	0.396455
0.145161	0.395157
0.145092	0.390762
0.145092	0.385554
0.144970	0.385041
0.144918	0.373428
0.144868	0.379198
0.144815	0.368138
0.144771	0.382374
0.144728	0.378513
0.144682	0.371640
0.144645	0.383644
0.144597	0.366632
0.144551	0.376621
0.144506	0.378885
0.144463	0.371359
0.144422	0.382174
0.144422	0.377252
0.144333	0.385050
0.144288	0.380691
0.144245	0.386352
0.144200	0.391560
0.144200	0.379085
0.144113	0.386878
0.144070	0.388362
0.144024	0.384306
0.143983	0.389668
0.143983	0.381371
0.143894	0.376204
0.143850	0.374657
0.143804	0.376490
0.143763	0.375270
0.143752	0.373215
0.143664	0.383344
0.143613	0.382201
0.143566	0.382977
0.143529	0.367408
0.143472	0.378690
0.143412	0.376054
0.143367	0.365244
0.143323	0.371382
0.143306	0.369449
0.143230	0.365258
0.143184	0.356189
0.143131	0.352056
0.143088	0.340892
0.143088	0.352152
0.142999	0.348169
0.142955	0.343165
0.142907	0.349380
0.142859	0.339745
0.142806	0.331837
0.142762	0.327551
0.142718	0.315093
0.142675	0.296902
0.142636	0.281124
0.142588	0.261078
0.142542	0.239153
0.142498	0.211962
0.142455	0.189297
0.142413	0.178256
0.142413	0.160704
0.142322	0.135205
0.142279	0.111139
0.142235	0.102338
0.142189	0.072443
0.142119	0.034037
0.142076	0.014204
0.142032	0.000290